158 Δ 111111111116601616

11116611,666166611,161116 opportunitati· 7-9. 611 166] 611111 uu 11611. 111611

legitimumque 666661 migrando. 1111116161 61166166, 161 1111611161. 16666111
661. 4. aucun] 1611. 66116. 1166111116 [6661166111 oum 0116116661,
-11, 6116 611] 6611. 6161616116 66166, 6166111666 61611661666616166116

1. 1. 6. Atheniensium 1666. 66166166 66116 616
mio. 6661111111] 61116 611 6111116 66161166.

616111 1116611111. -10, lcum ’6111“-·-] sonmo· 611;
·- 11. 1661116116θᾶ 16611] 1116666· 6116111116 6611666116661616 Charidemus 66·

161 666 66616616 661111 6161 16611ι 11616 6611161611, 1666161 16166 Tium 16 ooo

1661111616 imo 1116111116. uum 16111611 1666666111616161111

661661 1616 6616166666 oemunt. 1666 1116 -11.616116] 666 6166166616

166 6111163166 66661616, quo 6666111 nuli 161166116ιί66, 1661666 6616611611161611

66116161. 1μᾶ 1161116, 166161 16166, 61116, 61161616
661. 16111166] 1661161 uu 1166 1666, 6661111,66611·616611661 611 mmm

Pythonem ilium 1161161166, 66161 616 166611161μὸ6.

61616166660666111611166611661661166 -18.161661611]66111166 upum·

16111161, Atheniensibus 1661616116, 666 6661161611 6661 6661611. 1661166 666, 611

Philippi 16 6661636166 136161, eundum providentique 1666611, quominus ooo·

166166 61616 Pythone 161116. 116116- uilio cupiuntur, 6111666, 61611611, 66116

1166 661616161 1666,66666111161161 611· 61611 666116111, 66111 161611. uum Ιίις-

1611 1166611166 661. · 1111666 16666166111611,116661161111,66·
-18.1·61’1116 6611611 111661. qood 661111, 6166611.

66116161 666 1116111161 61 666 1661666111. -· 20, 16616116] 1161 11116661 1616166.

161.. 111 11161161616.1”’·’”1““··“’“11111

moui 116.. suo ..6661666161 661. 6. 661666166666616. u

1666161166 1616116,66611611 1116616111. 61616 6111664. 611. 611 16611661. 6111
668- 1. 61111] hio 1661 111 616 61166. 661161661616116616, 611111 m oi

constructioni hmo: λογιζὸμπος 1161616 amoime 6661661166. 6661666 661,

66116616 1111161666,- incip 611-16161· uirum 1661166616 66161. 6116616 boui 161.

116116161116 1161161166116, 111116 16 -6.11116 16 161 11611 quio 111 'toto

0161166666, redeunt. 6. 6. 664. 7. 1660666166616166161611661166 661, 66·
-³. 661661 111161 161 11116616 11161161· 666 fugit Tuylorum, pomerio· 61116, 66-

611 611 61611 66116, 11616 κ66111μος nigeu- 61111616 11166, 1611666116 11 6661116666

111166] Coruum 1611611166 fliium 1161611, 611, 16 quo 166666161 166661161 11616161,

,Τ11116,166111166616161161616. Coun· 11 6166 1666 uui-m 6666116611.. 66·

quitur 11 uin, 11 6161 Demosthenen 616· ,1111611161 tutionem 161611 Korma·

1111161, nuque 61611 111, 661 6161161 611· 66 n 0161166616 6116111

11166161,1116161166166 1111616661 gone· 41161111] 611, 6666, 61661616, 6161

6611161666. 16 quud 61116 6111 11111 iu· 1616166166166611661.6166111161666

61661. 6166616161 6116016166666 6111, 661 66116611. quire 66116 imnis.

66116 1161161166111, 61 mugio 611666616· 16611 1161616616 6166116166, inperitum.

111166, Charidemum [66661661111666- imprudentium, 6111161616. 1116611666

1616,661161616 111166 161116. 66116111· 111116, 111616 11666661116611616661111·

gutum 16161, 1666111 611 61111666666161, 611, 11 6. 11616. 6111 nin 161116, 611

61 1611 6111 6116 611611 111 leg. 6666 xu- 111166 6611111661 rimie.

611616 1161611166, quomodo 111616 16 ·- 1111111] 1116 611 61616, 66666616·

ner-usim exituro 16661661, 16 11611611· 6111161116 6116161116 1111, 61 66111111·

1161, Ρ6111166 111 61 Β16. quid 11661116 uino 6116116666161.

1111661616631666,666116111111661116111 *nond i’ 1616166 fluum] 66·

1161166111 166 1611616161 16 6611166616 616166111611611166166 1666161. cm·

16161661 061611, 61 0111666666 1616166 11116116 6161161 iupus-turi· 666116 666-

66661116111. Ponit uio priorum 111116· 11111 16111111 iuraui, 1161666631. ’

166 611611111116. 666. 2. 1618611116111] oomni
-· 21. 661] 6611611111. 11116166. quud 611166661161611111. 611,
- 16. 16111] 166161 11616 6661 nib. 11116 6111111361, 111 1616161161.

Quod 1161611611666166111661, 1661111 -61166116111166]11666161161,1116111

11666 66666166166616 0166116661,61666 611116 1116161666, quomodo 'hylum

616116 66116666666111 6. 6611. 6111 163166616116161161 611, 1111661666

. 661. 1. Ἀ166661] citui 11116661. 1. 6666616161.

'imm -9.1616’1111 661] 661 66111611 nolimu
- ibjd. 1611101111 11116661. 6. 6636. 616111666 1661666166. 611161661611661161
-6.161111] 6116, 1611616116 6616. 1. 661616116111161,11116μ616116111116661.

666111. 61 botin-odiorum 16111661ἠᾴ

 

