110 1. 111111181111 1111101111.

188178 81881118 881188 88118 81188, 18181811 8118188811 pem 1888811.
8111118181 181 88181 8188188 811. qu· 88818818 88811118 8 8188 018111,
sm. 17. 71118888] 88888 8818881818. 8118881188881, 188118.
1118811888 8881, 81 1881181888 - 18. Um] 8811. Μ, 88118188·
..ι9,18ος81188811188111818]18818 818,88881888811811.,
811118818888111881811111188888· - 88.881πω18 881818]888888888888811.
181881 88811118, quinon 8118111110 118188, 118118ιω 81811811 7111811888. 81 1181811818.
11. 8188118118888111188· 11118181 proli· 898.
88181881811188118181.88818 888 81188, 5087881888118118811Ἃ81888881888
811 ’11818181 1118 188 88188 8181881181 188111 videtum-en.
881.188188188181881111118188881888-9.18101118818]81818188888118
881, 8818181118 18 8188 ΧΧΧ8118188 ty· 188111818811818181181881188
18181118,881’888188818818111118888,881 -1811.1111881185181881181818,818
11188 8 ’11888888188Ρο 1818811 88 8181118 1888811181 'ea 81811188 11818 ς] 88181 811188 18-
1181. 88111811111111811118111188 88111 81, 8181 1811 1118118· 8818 88811, 881
1188188111, qm 181 811811 81888 8118881· 881118118 81, 888 Α 1888, 881 118 18·
1181, 881 8818811111, 88181188 81888, 881 8181811188881811888181188888,881881
1811811111 81811881. ’8881881 8881111188· 1888· n 88811888118818111888
888111811188888881111118881818148 1881111811, 8181 finum 1111118. 811
508. 14. 8181 1181881818 8811881] 81118111 deniqne, 1888888118 818111 8811811, 818111

1118111111. 81111188181.881881 81118111 118118811888888118888, ,panum

8888118888. 888118 188118 8111111811 81· 88111.’1881888811118888111181,18888888
181818118111188118811181188111818. 8818 8188881881 8188111187 8818881881

8818188888181188.8111 1811111818,18188181.
-15.18811118181118] 8118181818 -1o. 8181881188 81188-]8ι1881”ι
1811,81811888.1881118811118181811181111188818888 811118 18888811
-18.χ118888811818] 1188 8188118118 mm 8188881881 88811111Μὶ811·
8888118881. 8818811888· 888181118818, nun, 881 8818 18888888 1118811. 911818
1111 8118881118 8818 18818 1818111181 881818, 81188888-.
1888181 8 888818 ei 881 1181881181. 8811 -14. 8181181811] 0118181. lmen
881 ’88888811 118118 88881111 18888118·188181881188888.8181.0818118..497
1881811.- 5.818881·181881888181181]888·
-18181718 881188-118888 11888 1811188181881818888888818881
8118111111.11χν.8.771188881118881111118181888. Pqtntnq».
50111.18811188]8181811188118888 88111818 818888111888888 indum 881
8818181888818888188, 8181811888 legum. 18· 1811 811811118818818 11818 8818
18188881181188 888181811118888888811 11· eoquo 8811818 eximi· 8888118ῑί811.
8811818 8188 8188188118 (18 88888818118881 -17.8818518881888811]1888811,811·
11188 8181111188 18818181 1881181818 8888 11881188 1811881 1118118111.
1818118 1888188 188811. -1818 {snm 11] 88181 1811881888
-·17. 118818888818811881888881 5818- 1881181181818181181118811118, 88888118·
ἔτιν] fitque anteritate 88118881 11111181 lenda 1818. 88188181188181 8188118118ιί1·
88188118, 188881881881118888811. 81· 811888818888811118111188818818111881,
188181 1181888181 18811 781888. 1111· ,88 1188 8881188881, 88188818 8811888111·
18“ {alp 8181811 1818χ18,1811.111.88888 8888818888118111118. Num
88811111 1 8111181881 881118 11188811, 81· 81188888888811 umam, qd
8888118188 811. quecunque 811818 unamquamquam· 811118118881818·
18881888888181118 111. 118111 181 1888188811 81111 88188, 811
-19.1818188]888181881811818 8111· 881111188811188118881888188188118-
88181881 81188111 8818811 88 8881811111 88811 8118818111· 81, 81888811 18118111.
8818111881ιά88 pronunciatum 811118 Qum 88118118811881 1188 88188 18818
8888188188, 811811 1181881818 8888 18881818.
8818818.181818888,88188181118818881)1· 507.15.1811888188]8811811111811188·
8118181118 118818 881 8818, 8811. 18818. 8818881 811181, 18818111 11181 iguem
unamaliquam testu 8818, 118188 1181888888181881188188 numni-ssi-
111188811818, 1818181811. 8881888111881118188818888118118181·
-7811818 1811188] 8118111181188 8118888.
111118. 11111ι 1811188,8111181118818118118 -15. Ambe 8818 181ἷ81>181ζι811]
ἰποᾶιὸιὸηῗ 1111118818 11 8181 8888188181 881· xum. 81111111 8881 aa& 8ιῖ
qur 88818181] 8811811111 1181181 88188118 881818, 81181181 881811 818 m,
8188 nequit 81188818 188. 1188888811 -8888818818811881881188188818
8818815111 811111 ’88881188 8118 81118181 8818818181. 8181 11188 mih-ndu 18181
18818181818818888818811811111· 811188888181881 msa

 

